$ 1 0.000005 10.20027730826997 50 5 50
w 272 96 528 96 0
r 272 96 192 176 0 350
r 192 176 272 256 0 350
r 272 96 352 176 0 350
v 528 272 528 96 0 0 40 5 0 0 0.5
g 528 272 528 384 0
174 352 176 304 240 0 750 0.48020000000000007 input
w 304 208 272 256 0
w 272 256 272 320 0
w 352 176 400 176 0
w 400 176 400 80 0
w 192 176 128 176 0
174 272 320 464 320 0 1 0.44060000000000005 groundResistance
w 368 304 368 272 0
w 368 272 528 272 0
p 224 48 304 48 1 0
174 128 16 128 80 0 1 0.46040000000000003 lead2Resistance
174 400 80 384 32 0 1 0.46040000000000003 lead1Resistance
w 304 48 384 48 0
w 224 48 144 48 0
w 128 80 128 176 0
